ng1 <- c(5851774, 5851780, 5851784, 5851785, 5851787, 5851791)
ng2 <- c(6089618, 6089619, 6089620, 6089621, 6089622, 6089623)
rnainout <- c(6116601, 6116602, 6171039, 6171040)
ab1 <- c(6296743, 6296744, 6296745, 6296746, 6296750, 6296751, 6298858, 6299361, 6204761, 6219662)
ribopaper <- c(6369183, 6369184, 6369185, 6369186, 6369196, 6369200, 6369237, 6369246, 6369249, 6369250, 6369251, 6369252, 6369323, 6369337, 6369345, 6369346, 6369364, 6369371, 6369377, 6369383)
logicgates <- c(6434625, 6434626, 6434627, 6434644, 6434647, 6434648, 6434649, 6434654)
realtb <- c(6892307, 6892308, 6892309, 6892310, 6892311, 6892312, 6892314, 6892317, 6892343, 6892344, 6892345, 6892346, 6892347, 6892348, 7254756, 7254757, 7254758, 7254759, 7254760, 7254761, 7254810, 7254811, 7254812, 7254813, 7254814, 7254818, 7254821, 7254825)